2,1,2008
3,1,2980
4,1,2427
5,1,2286
6,1,1628
7,1,2459
9,1,3213
10,1,1244
11,1,2153
12,1,2067
13,1,2269
14,1,2393
15,1,2716
16,1,1614
17,1,1560
18,1,2516
19,1,1956
20,1,3234
21,1,2252
22,1,3408
23,1,2963
24,1,2732
25,1,2515
26,1,2164
27,1,1197
28,1,2115
29,1,2393
30,1,1662
31,1,1848
46,1,2214
10200,1,1622
10221,1,1481
10223,1,1343
1,2,2008
3,2,1669
4,2,1639
5,2,2119
6,2,1557
7,2,1938
9,2,1918
10,2,1335
12,2,2009
14,2,1943
15,2,1917
19,2,1452
20,2,2259
23,2,1941
10200,2,1686
10221,2,1548
10222,2,1200
1,3,2980
2,3,1669
4,3,1822
5,3,1791
7,3,1992
9,3,2680
11,3,2002
12,3,1578
13,3,2239
14,3,1898
15,3,2126
16,3,1721
17,3,1653
18,3,2025
19,3,2104
20,3,2630
21,3,1504
22,3,2560
23,3,2540
24,3,1946
25,3,2240
28,3,1382
29,3,1264
10223,3,1131
1,4,2427
2,4,1639
3,4,1822
5,4,1760
6,4,1190
7,4,1877
9,4,2085
11,4,1313
12,4,1680
13,4,1557
14,4,1810
15,4,1786
16,4,1221
17,4,1347
18,4,1236
19,4,1564
20,4,2211
22,4,1515
23,4,2126
10221,4,1184
1,5,2286
2,5,2119
3,5,1791
4,5,1760
6,5,2108
7,5,2286
8,5,1373
9,5,2351
10,5,1463
11,5,1187
12,5,2317
13,5,1251
14,5,2580
15,5,2590
16,5,1220
17,5,1176
19,5,1667
20,5,2947
22,5,1407
23,5,2709
10200,5,2040
10207,5,1693
10210,5,1251
10215,5,1698
10216,5,1444
10221,5,1786
10222,5,1577
10223,5,1303
1,6,1628
2,6,1557
4,6,1190
5,6,2108
7,6,1425
8,6,1445
9,6,1633
10,6,1280
12,6,2468
14,6,2645
15,6,1972
20,6,2139
23,6,2072
10200,6,2803
10204,6,1336
10207,6,2351
10210,6,1786
10212,6,1775
10213,6,1512
10215,6,2287
10216,6,2070
10217,6,1615
10218,6,1419
10220,6,1785
10221,6,2048
10222,6,2216
1,7,2459
2,7,1938
3,7,1992
4,7,1877
5,7,2286
6,7,1425
9,7,2093
10,7,1158
12,7,1846
13,7,1521
14,7,1903
15,7,1965
17,7,1184
19,7,2051
20,7,2558
22,7,1423
23,7,2234
10200,7,1454
10221,7,1356
10223,7,1149
5,8,1373
6,8,1445
9,8,1215
12,8,1437
14,8,1359
15,8,1190
20,8,1407
23,8,1397
10200,8,1622
10207,8,1463
10210,8,1168
10215,8,1539
10216,8,1548
10221,8,1251
10222,8,1181
1,9,3213
2,9,1918
3,9,2680
4,9,2085
5,9,2351
6,9,1633
7,9,2093
8,9,1215
10,9,1578
11,9,2065
12,9,2227
13,9,2353
14,9,2463
15,9,2701
16,9,1489
17,9,1475
18,9,1965
19,9,1894
20,9,3371
21,9,1319
22,9,2404
23,9,3085
24,9,1839
25,9,2028
29,9,1250
10200,9,1670
10207,9,1319
10215,9,1312
10216,9,1188
10221,9,1450
10222,9,1263
10223,9,1224
1,10,1244
2,10,1335
5,10,1463
6,10,1280
7,10,1158
9,10,1578
12,10,1533
14,10,1493
15,10,1432
20,10,1781
23,10,1398
10200,10,1290
10221,10,1300
10222,10,1141
1,11,2153
3,11,2002
4,11,1313
5,11,1187
9,11,2065
13,11,1679
14,11,1220
15,11,1602
16,11,1284
17,11,1264
18,11,1536
19,11,1206
20,11,1850
22,11,1967
23,11,1563
24,11,1374
25,11,1538
1,12,2067
2,12,2009
3,12,1578
4,12,1680
5,12,2317
6,12,2468
7,12,1846
8,12,1437
9,12,2227
10,12,1533
14,12,2949
15,12,2285
19,12,1464
20,12,2625
23,12,2560
10200,12,2454
10207,12,2154
10210,12,1604
10212,12,1557
10213,12,1247
10215,12,2123
10216,12,1825
10217,12,1473
10220,12,1630
10221,12,2338
10222,12,1835
10223,12,1192
1,13,2269
3,13,2239
4,13,1557
5,13,1251
7,13,1521
9,13,2353
11,13,1679
14,13,1315
15,13,1904
16,13,1315
17,13,1305
18,13,1809
19,13,1501
20,13,2145
21,13,1234
22,13,2267
23,13,1797
24,13,1587
25,13,1626
1,14,2393
2,14,1943
3,14,1898
4,14,1810
5,14,2580
6,14,2645
7,14,1903
8,14,1359
9,14,2463
10,14,1493
11,14,1220
12,14,2949
13,14,1315
15,14,2598
16,14,1339
17,14,1373
19,14,1685
20,14,2862
22,14,1512
23,14,2953
10189,14,2460
10199,14,2360
10200,14,4005
10202,14,2444
10204,14,2656
10205,14,2381
10206,14,1248
10207,14,3454
10208,14,1355
10209,14,1382
10210,14,2689
10212,14,2778
10213,14,1892
10214,14,1624
10215,14,2407
10216,14,1991
10217,14,1869
10218,14,2100
10219,14,1401
10220,14,1855
10221,14,2085
10222,14,2309
10223,14,1218
1,15,2716
2,15,1917
3,15,2126
4,15,1786
5,15,2590
6,15,1972
7,15,1965
8,15,1190
9,15,2701
10,15,1432
11,15,1602
12,15,2285
13,15,1904
14,15,2598
16,15,1448
17,15,1425
18,15,1663
19,15,1627
20,15,3154
22,15,1889
23,15,2836
24,15,1403
25,15,1505
10200,15,1919
10207,15,1751
10215,15,1683
10216,15,1406
10220,15,1196
10221,15,1726
10222,15,1445
10223,15,1513
1,16,1614
3,16,1721
4,16,1221
5,16,1220
9,16,1489
11,16,1284
13,16,1315
14,16,1339
15,16,1448
17,16,1304
18,16,1388
19,16,1475
20,16,1720
22,16,1538
23,16,1743
25,16,1353
1,17,1560
3,17,1653
4,17,1347
5,17,1176
7,17,1184
9,17,1475
11,17,1264
13,17,1305
14,17,1373
15,17,1425
16,17,1304
18,17,1197
19,17,1352
20,17,1719
22,17,1640
23,17,1609
25,17,1332
1,18,2516
3,18,2025
4,18,1236
9,18,1965
11,18,1536
13,18,1809
15,18,1663
16,18,1388
17,18,1197
19,18,1319
20,18,1861
21,18,1741
22,18,2627
23,18,1572
24,18,2261
25,18,2174
26,18,1398
28,18,1640
29,18,1510
46,18,1479
1,19,1956
2,19,1452
3,19,2104
4,19,1564
5,19,1667
7,19,2051
9,19,1894
11,19,1206
12,19,1464
13,19,1501
14,19,1685
15,19,1627
16,19,1475
17,19,1352
18,19,1319
20,19,2154
22,19,1624
23,19,2273
25,19,1280
1,20,3234
2,20,2259
3,20,2630
4,20,2211
5,20,2947
6,20,2139
7,20,2558
8,20,1407
9,20,3371
10,20,1781
11,20,1850
12,20,2625
13,20,2145
14,20,2862
15,20,3154
16,20,1720
17,20,1719
18,20,1861
19,20,2154
22,20,2377
23,20,3311
24,20,1610
25,20,1641
27,20,1269
10200,20,1947
10207,20,1627
10210,20,1307
10215,20,1555
10216,20,1463
10221,20,2054
10222,20,1455
10223,20,1546
1,21,2252
3,21,1504
9,21,1319
13,21,1234
18,21,1741
22,21,2065
24,21,2047
25,21,1658
26,21,1874
28,21,2121
29,21,1995
30,21,1280
31,21,1360
46,21,1949
1,22,3408
3,22,2560
4,22,1515
5,22,1407
7,22,1423
9,22,2404
11,22,1967
13,22,2267
14,22,1512
15,22,1889
16,22,1538
17,22,1640
18,22,2627
19,22,1624
20,22,2377
21,22,2065
23,22,2088
24,22,2657
25,22,2484
26,22,1906
27,22,1139
28,22,1903
29,22,1935
30,22,1248
31,22,1478
46,22,2075
1,23,2963
2,23,1941
3,23,2540
4,23,2126
5,23,2709
6,23,2072
7,23,2234
8,23,1397
9,23,3085
10,23,1398
11,23,1563
12,23,2560
13,23,1797
14,23,2953
15,23,2836
16,23,1743
17,23,1609
18,23,1572
19,23,2273
20,23,3311
22,23,2088
24,23,1280
25,23,1750
10200,23,2273
10207,23,1896
10210,23,1336
10215,23,2065
10216,23,1601
10220,23,1464
10221,23,2204
10222,23,1901
10223,23,1517
1,24,2732
3,24,1946
9,24,1839
11,24,1374
13,24,1587
15,24,1403
18,24,2261
20,24,1610
21,24,2047
22,24,2657
23,24,1280
25,24,2040
26,24,1618
28,24,1663
29,24,1926
30,24,1261
31,24,1347
46,24,1942
1,25,2515
3,25,2240
9,25,2028
11,25,1538
13,25,1626
15,25,1505
16,25,1353
17,25,1332
18,25,2174
19,25,1280
20,25,1641
21,25,1658
22,25,2484
23,25,1750
24,25,2040
26,25,1519
28,25,1692
29,25,1662
31,25,1281
46,25,1475
1,26,2164
18,26,1398
21,26,1874
22,26,1906
24,26,1618
25,26,1519
28,26,2228
29,26,1847
30,26,1681
31,26,1896
46,26,1962
1,27,1197
20,27,1269
22,27,1139
1,28,2115
3,28,1382
18,28,1640
21,28,2121
22,28,1903
24,28,1663
25,28,1692
26,28,2228
29,28,2503
30,28,1802
31,28,2501
32,28,1508
38,28,1490
46,28,2852
1,29,2393
3,29,1264
9,29,1250
18,29,1510
21,29,1995
22,29,1935
24,29,1926
25,29,1662
26,29,1847
28,29,2503
30,29,1576
31,29,2165
32,29,1985
33,29,1561
34,29,1733
35,29,1468
36,29,1934
37,29,1785
38,29,2029
40,29,1858
41,29,1521
42,29,1365
43,29,1493
46,29,3248
47,29,1656
48,29,1462
1,30,1662
21,30,1280
22,30,1248
24,30,1261
26,30,1681
28,30,1802
29,30,1576
31,30,1849
46,30,2043
1,31,1848
21,31,1360
22,31,1478
24,31,1347
25,31,1281
26,31,1896
28,31,2501
29,31,2165
30,31,1849
32,31,1649
33,31,1282
38,31,1409
40,31,1185
46,31,2468
28,32,1508
29,32,1985
31,32,1649
33,32,2021
34,32,2441
35,32,2150
36,32,2643
37,32,2291
38,32,2749
39,32,1916
40,32,2405
41,32,1572
42,32,1553
43,32,2263
44,32,2219
45,32,1376
46,32,2608
47,32,2631
48,32,1914
49,32,1732
29,33,1561
31,33,1282
32,33,2021
34,33,1729
35,33,1535
36,33,1942
37,33,1769
38,33,2050
39,33,1403
40,33,1819
41,33,1208
43,33,1701
44,33,1631
46,33,2080
47,33,1724
48,33,1375
49,33,1191
29,34,1733
32,34,2441
33,34,1729
35,34,2016
36,34,2630
37,34,2501
38,34,2412
39,34,1874
40,34,2461
41,34,1445
42,34,1336
43,34,1887
44,34,2086
45,34,1512
46,34,2565
47,34,2046
48,34,2076
49,34,1535
29,35,1468
32,35,2150
33,35,1535
34,35,2016
36,35,2012
37,35,2471
38,35,2125
39,35,1986
40,35,2430
41,35,1355
42,35,1626
43,35,1591
44,35,1769
45,35,1634
46,35,1851
47,35,2299
48,35,1657
49,35,2207
69,35,1373
29,36,1934
32,36,2643
33,36,1942
34,36,2630
35,36,2012
37,36,2543
38,36,2297
39,36,2190
40,36,2701
41,36,1518
42,36,1385
43,36,2053
44,36,2322
45,36,1844
46,36,2730
47,36,2398
48,36,2285
49,36,1852
29,37,1785
32,37,2291
33,37,1769
34,37,2501
35,37,2471
36,37,2543
38,37,2311
39,37,2619
40,37,3101
41,37,1420
42,37,1647
43,37,1619
44,37,2061
45,37,2115
46,37,2387
47,37,2633
48,37,2237
49,37,2551
51,37,1323
52,37,1392
53,37,1555
54,37,1986
55,37,2229
56,37,1182
57,37,1783
58,37,1976
59,37,1732
60,37,1539
61,37,1641
62,37,1713
66,37,1650
69,37,3294
70,37,2101
72,37,1590
2013,37,1228
28,38,1490
29,38,2029
31,38,1409
32,38,2749
33,38,2050
34,38,2412
35,38,2125
36,38,2297
37,38,2311
39,38,1758
40,38,2376
41,38,1550
42,38,1543
43,38,2216
44,38,2096
45,38,1421
46,38,2627
47,38,2253
48,38,2038
49,38,1782
32,39,1916
33,39,1403
34,39,1874
35,39,1986
36,39,2190
37,39,2619
38,39,1758
40,39,2564
42,39,1528
43,39,1541
44,39,2137
45,39,2052
46,39,1939
47,39,2158
48,39,1941
49,39,2164
69,39,1629
29,40,1858
31,40,1185
32,40,2405
33,40,1819
34,40,2461
35,40,2430
36,40,2701
37,40,3101
38,40,2376
39,40,2564
41,40,1559
42,40,1714
43,40,1740
44,40,1871
45,40,2131
46,40,2691
47,40,2662
48,40,2246
49,40,2127
69,40,1720
29,41,1521
32,41,1572
33,41,1208
34,41,1445
35,41,1355
36,41,1518
37,41,1420
38,41,1550
40,41,1559
43,41,1461
46,41,1620
47,41,1503
48,41,1215
29,42,1365
32,42,1553
34,42,1336
35,42,1626
36,42,1385
37,42,1647
38,42,1543
39,42,1528
40,42,1714
43,42,1152
44,42,1270
46,42,1898
47,42,1569
48,42,1189
49,42,1420
29,43,1493
32,43,2263
33,43,1701
34,43,1887
35,43,1591
36,43,2053
37,43,1619
38,43,2216
39,43,1541
40,43,1740
41,43,1461
42,43,1152
44,43,1657
46,43,2039
47,43,1947
48,43,1539
49,43,1340
32,44,2219
33,44,1631
34,44,2086
35,44,1769
36,44,2322
37,44,2061
38,44,2096
39,44,2137
40,44,1871
42,44,1270
43,44,1657
45,44,1732
46,44,2069
47,44,2269
48,44,1843
49,44,2144
32,45,1376
34,45,1512
35,45,1634
36,45,1844
37,45,2115
38,45,1421
39,45,2052
40,45,2131
44,45,1732
46,45,1483
47,45,1752
48,45,1678
49,45,1964
50,45,1212
69,45,1436
1,46,2214
18,46,1479
21,46,1949
22,46,2075
24,46,1942
25,46,1475
26,46,1962
28,46,2852
29,46,3248
30,46,2043
31,46,2468
32,46,2608
33,46,2080
34,46,2565
35,46,1851
36,46,2730
37,46,2387
38,46,2627
39,46,1939
40,46,2691
41,46,1620
42,46,1898
43,46,2039
44,46,2069
45,46,1483
47,46,2142
48,46,2216
49,46,1617
29,47,1656
32,47,2631
33,47,1724
34,47,2046
35,47,2299
36,47,2398
37,47,2633
38,47,2253
39,47,2158
40,47,2662
41,47,1503
42,47,1569
43,47,1947
44,47,2269
45,47,1752
46,47,2142
48,47,2052
49,47,1962
69,47,1356
29,48,1462
32,48,1914
33,48,1375
34,48,2076
35,48,1657
36,48,2285
37,48,2237
38,48,2038
39,48,1941
40,48,2246
41,48,1215
42,48,1189
43,48,1539
44,48,1843
45,48,1678
46,48,2216
47,48,2052
49,48,1407
32,49,1732
33,49,1191
34,49,1535
35,49,2207
36,49,1852
37,49,2551
38,49,1782
39,49,2164
40,49,2127
42,49,1420
43,49,1340
44,49,2144
45,49,1964
46,49,1617
47,49,1962
48,49,1407
51,49,1371
52,49,1525
54,49,1269
56,49,1249
57,49,1157
69,49,1797
2013,49,1180
45,50,1212
37,51,1323
49,51,1371
55,51,1301
69,51,1254
37,52,1392
49,52,1525
53,52,1440
54,52,1529
55,52,1603
56,52,1384
69,52,1521
70,52,1283
2013,52,1381
37,53,1555
52,53,1440
54,53,1322
55,53,1435
69,53,1525
2013,53,1160
37,54,1986
49,54,1269
52,54,1529
53,54,1322
55,54,2206
57,54,1331
58,54,1521
59,54,1618
60,54,1303
61,54,1387
69,54,1835
70,54,1861
72,54,1456
2013,54,1241
37,55,2229
51,55,1301
52,55,1603
53,55,1435
54,55,2206
57,55,1207
58,55,1632
59,55,1685
60,55,1551
61,55,1441
66,55,1397
69,55,2048
70,55,2017
72,55,1677
2013,55,1330
37,56,1182
49,56,1249
52,56,1384
69,56,1170
2013,56,1203
37,57,1783
49,57,1157
54,57,1331
55,57,1207
61,57,1202
69,57,1539
37,58,1976
54,58,1521
55,58,1632
59,58,1656
60,58,1626
61,58,1921
62,58,1789
63,58,1528
66,58,1626
69,58,1993
70,58,1898
72,58,1763
83,58,1458
89,58,1414
93,58,1210
37,59,1732
54,59,1618
55,59,1685
58,59,1656
60,59,2177
61,59,2314
62,59,1830
63,59,1612
64,59,1280
65,59,1152
66,59,1867
69,59,1882
70,59,2108
72,59,2153
83,59,1336
89,59,1347
93,59,1444
37,60,1539
54,60,1303
55,60,1551
58,60,1626
59,60,2177
61,60,2099
62,60,1955
63,60,1571
64,60,1307
65,60,1188
66,60,1896
67,60,1196
69,60,1795
70,60,2172
72,60,2247
83,60,1493
89,60,1469
93,60,1379
37,61,1641
54,61,1387
55,61,1441
57,61,1202
58,61,1921
59,61,2314
60,61,2099
62,61,2229
63,61,3686
64,61,2053
65,61,1384
66,61,2265
67,61,1548
68,61,1595
69,61,1808
70,61,2403
71,61,2082
72,61,3001
73,61,2135
74,61,2701
75,61,1494
76,61,1583
77,61,2064
78,61,2161
79,61,1699
80,61,1621
81,61,2703
82,61,1313
83,61,2795
85,61,1911
86,61,1338
87,61,1385
88,61,3124
89,61,3439
90,61,1269
93,61,2894
94,61,1680
96,61,1450
100,61,1984
101,61,1235
113,61,1713
37,62,1713
58,62,1789
59,62,1830
60,62,1955
61,62,2229
63,62,2080
64,62,1691
65,62,1471
66,62,2184
67,62,1562
69,62,1765
70,62,2043
72,62,2193
83,62,2075
89,62,2105
93,62,2052
58,63,1528
59,63,1612
60,63,1571
61,63,3686
62,63,2080
64,63,2050
65,63,1257
66,63,1933
67,63,1509
68,63,1588
69,63,1578
70,63,1794
71,63,1856
72,63,2289
73,63,2139
74,63,2322
75,63,1289
76,63,1498
77,63,1904
78,63,1712
79,63,1526
80,63,1473
81,63,2472
82,63,1198
83,63,2321
85,63,1585
87,63,1179
88,63,3032
89,63,3095
93,63,2414
94,63,1604
96,63,1269
100,63,1805
113,63,1509
59,64,1280
60,64,1307
61,64,2053
62,64,1691
63,64,2050
66,64,1738
67,64,1521
68,64,1319
70,64,1471
71,64,1419
72,64,1616
74,64,1901
79,64,1157
81,64,1592
83,64,2059
88,64,1792
89,64,2098
93,64,1893
59,65,1152
60,65,1188
61,65,1384
62,65,1471
63,65,1257
66,65,1317
70,65,1324
72,65,1435
83,65,1222
89,65,1134
37,66,1650
55,66,1397
58,66,1626
59,66,1867
60,66,1896
61,66,2265
62,66,2184
63,66,1933
64,66,1738
65,66,1317
67,66,1611
68,66,1151
69,66,1867
70,66,2251
72,66,2235
74,66,1496
81,66,1198
83,66,1914
88,66,1367
89,66,1971
93,66,1779
60,67,1196
61,67,1548
62,67,1562
63,67,1509
64,67,1521
66,67,1611
68,67,1172
70,67,1328
72,67,1490
74,67,1369
81,67,1209
83,67,1579
88,67,1222
89,67,1524
93,67,1391
61,68,1595
63,68,1588
64,68,1319
66,68,1151
67,68,1172
71,68,1240
72,68,1263
74,68,1964
79,68,1249
80,68,1210
81,68,1450
83,68,1599
88,68,1470
89,68,1682
93,68,1608
35,69,1373
37,69,3294
39,69,1629
40,69,1720
45,69,1436
47,69,1356
49,69,1797
51,69,1254
52,69,1521
53,69,1525
54,69,1835
55,69,2048
56,69,1170
57,69,1539
58,69,1993
59,69,1882
60,69,1795
61,69,1808
62,69,1765
63,69,1578
66,69,1867
70,69,2372
72,69,1837
83,69,1399
89,69,1428
93,69,1303
37,70,2101
52,70,1283
54,70,1861
55,70,2017
58,70,1898
59,70,2108
60,70,2172
61,70,2403
62,70,2043
63,70,1794
64,70,1471
65,70,1324
66,70,2251
67,70,1328
69,70,2372
72,70,2406
83,70,1634
89,70,1619
93,70,1614
61,71,2082
63,71,1856
64,71,1419
68,71,1240
73,71,1516
74,71,1879
75,71,1432
77,71,1947
78,71,1952
79,71,1352
81,71,1941
82,71,1147
83,71,1667
84,71,1320
85,71,2599
86,71,1162
87,71,1365
88,71,2718
89,71,2090
90,71,1734
91,71,1715
92,71,1696
93,71,1731
94,71,2337
95,71,1272
96,71,1197
97,71,1372
98,71,1479
99,71,1188
100,71,1828
101,71,1728
108,71,1375
113,71,1700
115,71,1265
37,72,1590
54,72,1456
55,72,1677
58,72,1763
59,72,2153
60,72,2247
61,72,3001
62,72,2193
63,72,2289
64,72,1616
65,72,1435
66,72,2235
67,72,1490
68,72,1263
69,72,1837
70,72,2406
74,72,1693
79,72,1177
80,72,1145
81,72,1301
83,72,1997
88,72,1844
89,72,2115
93,72,1888
61,73,2135
63,73,2139
71,73,1516
74,73,1655
75,73,1259
77,73,1490
78,73,1633
79,73,1158
80,73,1208
81,73,1800
83,73,1285
87,73,1188
88,73,2152
89,73,1793
93,73,1604
94,73,1323
100,73,1640
113,73,1239
61,74,2701
63,74,2322
64,74,1901
66,74,1496
67,74,1369
68,74,1964
71,74,1879
72,74,1693
73,74,1655
75,74,1358
76,74,1509
77,74,1800
78,74,1536
79,74,1730
80,74,1389
81,74,2498
83,74,2234
88,74,2844
89,74,2394
93,74,2380
100,74,1644
61,75,1494
63,75,1289
71,75,1432
73,75,1259
74,75,1358
77,75,1668
78,75,1596
81,75,1542
82,75,1163
85,75,1724
86,75,1226
87,75,1384
88,75,1864
89,75,1685
93,75,1300
94,75,1519
100,75,1704
101,75,1172
113,75,1545
61,76,1583
63,76,1498
74,76,1509
81,76,1270
83,76,1203
88,76,1446
89,76,1160
93,76,1257
61,77,2064
63,77,1904
71,77,1947
73,77,1490
74,77,1800
75,77,1668
78,77,1931
79,77,1221
80,77,1248
81,77,2170
82,77,1442
83,77,1394
85,77,1873
86,77,1264
87,77,1535
88,77,2393
89,77,2417
90,77,1354
91,77,1363
92,77,1131
93,77,1859
94,77,2073
95,77,1182
96,77,1288
100,77,2032
101,77,1297
113,77,1498
61,78,2161
63,78,1712
71,78,1952
73,78,1633
74,78,1536
75,78,1596
77,78,1931
81,78,1786
82,78,1474
84,78,1772
85,78,3152
86,78,1684
87,78,1485
88,78,3071
89,78,2035
90,78,2074
91,78,2106
92,78,2509
93,78,1356
94,78,2918
95,78,1770
96,78,1454
97,78,1692
98,78,1816
99,78,1897
100,78,2113
101,78,2069
102,78,1367
105,78,1389
106,78,1415
108,78,1905
113,78,2574
115,78,1642
118,78,1395
128,78,1326
61,79,1699
63,79,1526
64,79,1157
68,79,1249
71,79,1352
72,79,1177
73,79,1158
74,79,1730
77,79,1221
80,79,1175
81,79,1580
83,79,1569
88,79,1607
89,79,1512
93,79,1398
100,79,1165
61,80,1621
63,80,1473
68,80,1210
72,80,1145
73,80,1208
74,80,1389
77,80,1248
79,80,1175
81,80,1514
83,80,1324
88,80,1602
89,80,1402
93,80,1286
61,81,2703
63,81,2472
64,81,1592
66,81,1198
67,81,1209
68,81,1450
71,81,1941
72,81,1301
73,81,1800
74,81,2498
75,81,1542
76,81,1270
77,81,2170
78,81,1786
79,81,1580
80,81,1514
82,81,1355
83,81,1921
85,81,1844
87,81,1568
88,81,2766
89,81,2591
90,81,1295
93,81,2304
94,81,1664
96,81,1265
100,81,1876
101,81,1318
113,81,1423
61,82,1313
63,82,1198
71,82,1147
75,82,1163
77,82,1442
78,82,1474
81,82,1355
85,82,1832
86,82,1322
87,82,1524
88,82,1618
89,82,1481
90,82,1160
92,82,1184
94,82,1697
100,82,1468
101,82,1381
113,82,1361
58,83,1458
59,83,1336
60,83,1493
61,83,2795
62,83,2075
63,83,2321
64,83,2059
65,83,1222
66,83,1914
67,83,1579
68,83,1599
69,83,1399
70,83,1634
71,83,1667
72,83,1997
73,83,1285
74,83,2234
76,83,1203
77,83,1394
79,83,1569
80,83,1324
81,83,1921
88,83,2181
89,83,2428
93,83,2203
100,83,1210
71,84,1320
78,84,1772
85,84,2804
88,84,1813
89,84,1241
90,84,1625
91,84,2149
92,84,2336
94,84,2889
95,84,1976
97,84,1982
98,84,2091
99,84,1452
100,84,1212
101,84,1456
102,84,1623
103,84,1509
104,84,1136
105,84,1134
106,84,1135
108,84,1391
113,84,1549
115,84,1896
118,84,1167
128,84,1701
61,85,1911
63,85,1585
71,85,2599
75,85,1724
77,85,1873
78,85,3152
81,85,1844
82,85,1832
84,85,2804
86,85,1894
87,85,1950
88,85,3093
89,85,2173
90,85,3133
91,85,3860
92,85,3938
94,85,4992
95,85,3233
96,85,1418
97,85,3257
98,85,3538
99,85,2467
100,85,2152
101,85,2778
102,85,2596
103,85,2442
104,85,1841
105,85,1787
106,85,1787
107,85,1205
108,85,2636
109,85,1591
110,85,1643
111,85,1585
112,85,1798
113,85,3022
114,85,1662
115,85,3001
116,85,1897
118,85,1913
128,85,2577
61,86,1338
71,86,1162
75,86,1226
77,86,1264
78,86,1684
82,86,1322
85,86,1894
87,86,1308
88,86,1758
89,86,1443
90,86,1357
91,86,1244
92,86,1454
94,86,1681
100,86,1566
101,86,1324
113,86,1569
61,87,1385
63,87,1179
71,87,1365
73,87,1188
75,87,1384
77,87,1535
78,87,1485
81,87,1568
82,87,1524
85,87,1950
86,87,1308
88,87,1566
89,87,1390
90,87,1255
94,87,1688
100,87,1506
101,87,1366
113,87,1262
61,88,3124
63,88,3032
64,88,1792
66,88,1367
67,88,1222
68,88,1470
71,88,2718
72,88,1844
73,88,2152
74,88,2844
75,88,1864
76,88,1446
77,88,2393
78,88,3071
79,88,1607
80,88,1602
81,88,2766
82,88,1618
83,88,2181
84,88,1813
85,88,3093
86,88,1758
87,88,1566
89,88,3030
90,88,2393
91,88,2193
92,88,2424
93,88,2302
94,88,3061
95,88,1945
96,88,1683
97,88,1964
98,88,1843
99,88,1998
100,88,2513
101,88,2268
102,88,1361
104,88,1278
105,88,1369
106,88,1461
108,88,2111
113,88,2857
115,88,1697
118,88,1311
58,89,1414
59,89,1347
60,89,1469
61,89,3439
62,89,2105
63,89,3095
64,89,2098
65,89,1134
66,89,1971
67,89,1524
68,89,1682
69,89,1428
70,89,1619
71,89,2090
72,89,2115
73,89,1793
74,89,2394
75,89,1685
76,89,1160
77,89,2417
78,89,2035
79,89,1512
80,89,1402
81,89,2591
82,89,1481
83,89,2428
84,89,1241
85,89,2173
86,89,1443
87,89,1390
88,89,3030
90,89,1362
91,89,1437
92,89,1355
93,89,2518
94,89,2060
96,89,1267
100,89,2285
101,89,1473
108,89,1181
113,89,1732
61,90,1269
71,90,1734
77,90,1354
78,90,2074
81,90,1295
82,90,1160
84,90,1625
85,90,3133
86,90,1357
87,90,1255
88,90,2393
89,90,1362
91,90,2183
92,90,2607
94,90,2903
95,90,2054
97,90,2298
98,90,2038
99,90,2040
100,90,1536
101,90,1792
102,90,1508
103,90,1212
104,90,1500
105,90,1168
106,90,1399
108,90,1791
113,90,1844
115,90,1933
116,90,1240
118,90,1723
128,90,1701
71,91,1715
77,91,1363
78,91,2106
84,91,2149
85,91,3860
86,91,1244
88,91,2193
89,91,1437
90,91,2183
92,91,4023
94,91,3775
95,91,3228
97,91,2575
98,91,3405
99,91,2020
100,91,1660
101,91,2229
102,91,2315
103,91,2327
104,91,1577
105,91,1318
106,91,1515
108,91,1999
109,91,1705
110,91,2126
111,91,1549
112,91,2187
113,91,2133
114,91,1918
115,91,2503
116,91,1373
117,91,1872
118,91,1635
119,91,1350
120,91,1470
121,91,1277
122,91,1355
123,91,1360
124,91,1351
125,91,1647
128,91,3314
135,91,1845
71,92,1696
77,92,1131
78,92,2509
82,92,1184
84,92,2336
85,92,3938
86,92,1454
88,92,2424
89,92,1355
90,92,2607
91,92,4023
94,92,3779
95,92,3232
97,92,2721
98,92,2876
99,92,2126
100,92,1541
101,92,1962
102,92,2060
103,92,2340
104,92,1359
105,92,1233
106,92,1603
107,92,1160
108,92,2046
109,92,1793
110,92,2202
111,92,1630
112,92,2280
113,92,2318
114,92,2323
115,92,2557
116,92,1593
117,92,2137
118,92,1898
119,92,1314
120,92,1360
121,92,1354
122,92,1471
123,92,1510
124,92,1598
125,92,1922
128,92,3678
130,92,1361
135,92,1880
58,93,1210
59,93,1444
60,93,1379
61,93,2894
62,93,2052
63,93,2414
64,93,1893
66,93,1779
67,93,1391
68,93,1608
69,93,1303
70,93,1614
71,93,1731
72,93,1888
73,93,1604
74,93,2380
75,93,1300
76,93,1257
77,93,1859
78,93,1356
79,93,1398
80,93,1286
81,93,2304
83,93,2203
88,93,2302
89,93,2518
94,93,1221
96,93,1136
100,93,1520
113,93,1140
61,94,1680
63,94,1604
71,94,2337
73,94,1323
75,94,1519
77,94,2073
78,94,2918
81,94,1664
82,94,1697
84,94,2889
85,94,4992
86,94,1681
87,94,1688
88,94,3061
89,94,2060
90,94,2903
91,94,3775
92,94,3779
93,94,1221
95,94,3128
96,94,1221
97,94,2731
98,94,3617
99,94,2403
100,94,2039
101,94,2610
102,94,2655
103,94,2511
104,94,1734
105,94,1815
106,94,1843
107,94,1224
108,94,2250
109,94,1591
110,94,1678
111,94,1760
112,94,2083
113,94,2783
114,94,1689
115,94,2840
116,94,1854
118,94,1980
124,94,1370
128,94,2898
71,95,1272
77,95,1182
78,95,1770
84,95,1976
85,95,3233
88,95,1945
90,95,2054
91,95,3228
92,95,3232
94,95,3128
97,95,2524
98,95,2621
99,95,1771
100,95,1261
101,95,1536
102,95,1851
103,95,1765
104,95,1404
106,95,1328
108,95,1553
109,95,1425
110,95,1487
111,95,1196
112,95,1694
113,95,1753
114,95,1401
115,95,2050
116,95,1141
117,95,1323
118,95,1501
124,95,1420
125,95,1133
128,95,2337
135,95,1151
61,96,1450
63,96,1269
71,96,1197
77,96,1288
78,96,1454
81,96,1265
85,96,1418
88,96,1683
89,96,1267
93,96,1136
94,96,1221
71,97,1372
78,97,1692
84,97,1982
85,97,3257
88,97,1964
90,97,2298
91,97,2575
92,97,2721
94,97,2731
95,97,2524
98,97,2669
99,97,1812
100,97,1287
101,97,1645
102,97,1906
103,97,1903
104,97,1486
106,97,1514
108,97,1589
109,97,1241
110,97,1307
112,97,1226
113,97,1762
115,97,2329
116,97,1319
118,97,1841
128,97,2062
71,98,1479
78,98,1816
84,98,2091
85,98,3538
88,98,1843
90,98,2038
91,98,3405
92,98,2876
94,98,3617
95,98,2621
97,98,2669
99,98,1777
101,98,1848
102,98,2309
103,98,2288
104,98,1618
106,98,1370
108,98,1563
109,98,1571
110,98,1436
111,98,1496
112,98,1808
113,98,1868
114,98,1684
115,98,2533
116,98,1605
117,98,1341
118,98,1663
124,98,1189
128,98,2578
71,99,1188
78,99,1897
84,99,1452
85,99,2467
88,99,1998
90,99,2040
91,99,2020
92,99,2126
94,99,2403
95,99,1771
97,99,1812
98,99,1777
100,99,1284
101,99,1430
102,99,1369
103,99,1165
104,99,1347
105,99,1144
106,99,1654
108,99,1534
113,99,1673
115,99,1802
118,99,1526
128,99,1549
61,100,1984
63,100,1805
71,100,1828
73,100,1640
74,100,1644
75,100,1704
77,100,2032
78,100,2113
79,100,1165
81,100,1876
82,100,1468
83,100,1210
84,100,1212
85,100,2152
86,100,1566
87,100,1506
88,100,2513
89,100,2285
90,100,1536
91,100,1660
92,100,1541
93,100,1520
94,100,2039
95,100,1261
97,100,1287
99,100,1284
101,100,1608
113,100,1974
61,101,1235
71,101,1728
75,101,1172
77,101,1297
78,101,2069
81,101,1318
82,101,1381
84,101,1456
85,101,2778
86,101,1324
87,101,1366
88,101,2268
89,101,1473
90,101,1792
91,101,2229
92,101,1962
94,101,2610
95,101,1536
97,101,1645
98,101,1848
99,101,1430
100,101,1608
102,101,1438
104,101,1343
105,101,1319
106,101,1188
108,101,1705
113,101,1957
115,101,1330
118,101,1214
128,101,1152
78,102,1367
84,102,1623
85,102,2596
88,102,1361
90,102,1508
91,102,2315
92,102,2060
94,102,2655
95,102,1851
97,102,1906
98,102,2309
99,102,1369
101,102,1438
103,102,1713
104,102,1316
106,102,1463
108,102,1386
109,102,1229
112,102,1291
113,102,1330
115,102,1931
116,102,1451
118,102,1617
128,102,2006
84,103,1509
85,103,2442
90,103,1212
91,103,2327
92,103,2340
94,103,2511
95,103,1765
97,103,1903
98,103,2288
99,103,1165
102,103,1713
109,103,1316
110,103,1460
111,103,1359
112,103,1639
115,103,1846
116,103,1204
117,103,1166
128,103,2292
84,104,1136
85,104,1841
88,104,1278
90,104,1500
91,104,1577
92,104,1359
94,104,1734
95,104,1404
97,104,1486
98,104,1618
99,104,1347
101,104,1343
102,104,1316
113,104,1144
115,104,1437
128,104,1284
78,105,1389
84,105,1134
85,105,1787
88,105,1369
90,105,1168
91,105,1318
92,105,1233
94,105,1815
99,105,1144
101,105,1319
113,105,1319
78,106,1415
84,106,1135
85,106,1787
88,106,1461
90,106,1399
91,106,1515
92,106,1603
94,106,1843
95,106,1328
97,106,1514
98,106,1370
99,106,1654
101,106,1188
102,106,1463
108,106,1500
113,106,1306
115,106,1415
118,106,1511
128,106,1695
85,107,1205
92,107,1160
94,107,1224
71,108,1375
78,108,1905
84,108,1391
85,108,2636
88,108,2111
89,108,1181
90,108,1791
91,108,1999
92,108,2046
94,108,2250
95,108,1553
97,108,1589
98,108,1563
99,108,1534
101,108,1705
102,108,1386
106,108,1500
113,108,1982
115,108,1488
118,108,1390
128,108,1424
85,109,1591
91,109,1705
92,109,1793
94,109,1591
95,109,1425
97,109,1241
98,109,1571
102,109,1229
103,109,1316
112,109,1248
114,109,1443
115,109,1216
117,109,1252
128,109,2019
85,110,1643
91,110,2126
92,110,2202
94,110,1678
95,110,1487
97,110,1307
98,110,1436
103,110,1460
111,110,1135
112,110,1436
114,110,1371
115,110,1140
117,110,1414
128,110,2297
85,111,1585
91,111,1549
92,111,1630
94,111,1760
95,111,1196
98,111,1496
103,111,1359
110,111,1135
112,111,1468
114,111,1325
115,111,1180
117,111,1184
128,111,1696
85,112,1798
91,112,2187
92,112,2280
94,112,2083
95,112,1694
97,112,1226
98,112,1808
102,112,1291
103,112,1639
109,112,1248
110,112,1436
111,112,1468
114,112,1795
115,112,1270
117,112,1727
119,112,1445
120,112,1319
124,112,1473
125,112,1360
128,112,2226
135,112,1586
61,113,1713
63,113,1509
71,113,1700
73,113,1239
75,113,1545
77,113,1498
78,113,2574
81,113,1423
82,113,1361
84,113,1549
85,113,3022
86,113,1569
87,113,1262
88,113,2857
89,113,1732
90,113,1844
91,113,2133
92,113,2318
93,113,1140
94,113,2783
95,113,1753
97,113,1762
98,113,1868
99,113,1673
100,113,1974
101,113,1957
102,113,1330
104,113,1144
105,113,1319
106,113,1306
108,113,1982
115,113,1569
118,113,1304
128,113,1271
85,114,1662
91,114,1918
92,114,2323
94,114,1689
95,114,1401
98,114,1684
109,114,1443
110,114,1371
111,114,1325
112,114,1795
117,114,1800
124,114,1170
125,114,1423
128,114,2150
135,114,1454
71,115,1265
78,115,1642
84,115,1896
85,115,3001
88,115,1697
90,115,1933
91,115,2503
92,115,2557
94,115,2840
95,115,2050
97,115,2329
98,115,2533
99,115,1802
101,115,1330
102,115,1931
103,115,1846
104,115,1437
106,115,1415
108,115,1488
109,115,1216
110,115,1140
111,115,1180
112,115,1270
113,115,1569
116,115,1336
118,115,1820
128,115,2141
85,116,1897
90,116,1240
91,116,1373
92,116,1593
94,116,1854
95,116,1141
97,116,1319
98,116,1605
102,116,1451
103,116,1204
115,116,1336
128,116,1492
91,117,1872
92,117,2137
95,117,1323
98,117,1341
103,117,1166
109,117,1252
110,117,1414
111,117,1184
112,117,1727
114,117,1800
119,117,1304
120,117,1269
121,117,1896
122,117,1666
123,117,2146
124,117,1326
125,117,2903
126,117,1693
127,117,1695
128,117,2338
129,117,1286
130,117,2043
131,117,1705
133,117,1594
135,117,2775
136,117,1499
138,117,1274
153,117,1883
78,118,1395
84,118,1167
85,118,1913
88,118,1311
90,118,1723
91,118,1635
92,118,1898
94,118,1980
95,118,1501
97,118,1841
98,118,1663
99,118,1526
101,118,1214
102,118,1617
106,118,1511
108,118,1390
113,118,1304
115,118,1820
128,118,1703
91,119,1350
92,119,1314
112,119,1445
117,119,1304
125,119,1275
128,119,1481
135,119,1415
91,120,1470
92,120,1360
112,120,1319
117,120,1269
125,120,1291
128,120,1269
135,120,1451
91,121,1277
92,121,1354
117,121,1896
122,121,1428
123,121,1974
125,121,2568
126,121,1689
127,121,1783
128,121,1479
130,121,2264
131,121,1882
132,121,1171
133,121,1543
135,121,2449
136,121,1700
137,121,1178
138,121,1476
153,121,1905
91,122,1355
92,122,1471
117,122,1666
121,122,1428
123,122,1620
125,122,1854
128,122,1531
130,122,1557
135,122,1663
153,122,1273
91,123,1360
92,123,1510
117,123,2146
121,123,1974
122,123,1620
125,123,2583
126,123,2008
127,123,1937
128,123,1589
129,123,1370
130,123,2334
131,123,1790
133,123,1772
135,123,2336
136,123,1795
138,123,1354
153,123,2014
91,124,1351
92,124,1598
94,124,1370
95,124,1420
98,124,1189
112,124,1473
114,124,1170
117,124,1326
125,124,1157
128,124,1498
135,124,1220
91,125,1647
92,125,1922
95,125,1133
112,125,1360
114,125,1423
117,125,2903
119,125,1275
120,125,1291
121,125,2568
122,125,1854
123,125,2583
124,125,1157
126,125,2895
127,125,2927
128,125,2003
129,125,1449
130,125,3268
131,125,2963
132,125,1976
133,125,2284
134,125,1887
135,125,3680
136,125,2751
137,125,2067
138,125,1878
144,125,1587
153,125,3005
117,126,1693
121,126,1689
123,126,2008
125,126,2895
127,126,3379
129,126,1489
130,126,3044
131,126,3021
132,126,3114
133,126,2328
134,126,2335
135,126,3307
136,126,3149
137,126,2332
138,126,1734
139,126,2250
140,126,1562
141,126,2276
142,126,1183
144,126,2657
145,126,1814
146,126,1559
148,126,1407
149,126,1140
150,126,1261
151,126,1263
152,126,1518
153,126,3334
159,126,1265
160,126,1233
117,127,1695
121,127,1783
123,127,1937
125,127,2927
126,127,3379
129,127,1649
130,127,3524
131,127,3625
132,127,2603
133,127,2497
134,127,2473
135,127,3441
136,127,3322
137,127,2552
138,127,2056
144,127,2369
153,127,3308
78,128,1326
84,128,1701
85,128,2577
90,128,1701
91,128,3314
92,128,3678
94,128,2898
95,128,2337
97,128,2062
98,128,2578
99,128,1549
101,128,1152
102,128,2006
103,128,2292
104,128,1284
106,128,1695
108,128,1424
109,128,2019
110,128,2297
111,128,1696
112,128,2226
113,128,1271
114,128,2150
115,128,2141
116,128,1492
117,128,2338
118,128,1703
119,128,1481
120,128,1269
121,128,1479
122,128,1531
123,128,1589
124,128,1498
125,128,2003
130,128,1465
135,128,2069
117,129,1286
123,129,1370
125,129,1449
126,129,1489
127,129,1649
130,129,1441
131,129,1356
133,129,1509
135,129,1294
136,129,1502
138,129,1299
153,129,1358
92,130,1361
117,130,2043
121,130,2264
122,130,1557
123,130,2334
125,130,3268
126,130,3044
127,130,3524
128,130,1465
129,130,1441
131,130,3438
132,130,2487
133,130,2361
134,130,2148
135,130,3600
136,130,3275
137,130,2294
138,130,1961
144,130,2015
153,130,3369
117,131,1705
121,131,1882
123,131,1790
125,131,2963
126,131,3021
127,131,3625
129,131,1356
130,131,3438
132,131,2399
133,131,2313
134,131,2246
135,131,3555
136,131,3123
137,131,2423
138,131,1938
139,131,1549
140,131,1248
141,131,1192
144,131,2230
153,131,3275
121,132,1171
125,132,1976
126,132,3114
127,132,2603
130,132,2487
131,132,2399
133,132,1671
134,132,2051
135,132,2716
136,132,2586
137,132,2011
138,132,1665
139,132,2563
140,132,1825
141,132,2366
142,132,1265
144,132,2615
145,132,1989
146,132,1831
147,132,1316
148,132,1557
149,132,1311
150,132,1573
152,132,1581
153,132,3131
159,132,1435
160,132,1345
117,133,1594
121,133,1543
123,133,1772
125,133,2284
126,133,2328
127,133,2497
129,133,1509
130,133,2361
131,133,2313
132,133,1671
134,133,1599
135,133,2258
136,133,2315
137,133,1698
138,133,1467
144,133,1363
153,133,2327
125,134,1887
126,134,2335
127,134,2473
130,134,2148
131,134,2246
132,134,2051
133,134,1599
135,134,2306
136,134,2339
137,134,2166
138,134,1198
139,134,1527
140,134,1143
141,134,1273
144,134,2197
153,134,2341
91,135,1845
92,135,1880
95,135,1151
112,135,1586
114,135,1454
117,135,2775
119,135,1415
120,135,1451
121,135,2449
122,135,1663
123,135,2336
124,135,1220
125,135,3680
126,135,3307
127,135,3441
128,135,2069
129,135,1294
130,135,3600
131,135,3555
132,135,2716
133,135,2258
134,135,2306
136,135,2928
137,135,2426
138,135,1833
139,135,2069
140,135,1670
141,135,1707
142,135,1394
143,135,1487
144,135,2630
145,135,1338
149,135,1187
153,135,3974
117,136,1499
121,136,1700
123,136,1795
125,136,2751
126,136,3149
127,136,3322
129,136,1502
130,136,3275
131,136,3123
132,136,2586
133,136,2315
134,136,2339
135,136,2928
137,136,2447
138,136,1832
139,136,1437
140,136,1442
141,136,1356
144,136,2162
153,136,2969
121,137,1178
125,137,2067
126,137,2332
127,137,2552
130,137,2294
131,137,2423
132,137,2011
133,137,1698
134,137,2166
135,137,2426
136,137,2447
138,137,1442
139,137,1440
140,137,1266
141,137,1328
144,137,2015
153,137,2255
117,138,1274
121,138,1476
123,138,1354
125,138,1878
126,138,1734
127,138,2056
129,138,1299
130,138,1961
131,138,1938
132,138,1665
133,138,1467
134,138,1198
135,138,1833
136,138,1832
137,138,1442
153,138,1835
126,139,2250
131,139,1549
132,139,2563
134,139,1527
135,139,2069
136,139,1437
137,139,1440
140,139,1959
141,139,2569
142,139,1630
143,139,1424
144,139,2756
145,139,1794
146,139,2308
147,139,1571
148,139,1700
149,139,1395
150,139,1491
151,139,1348
152,139,1777
153,139,2299
159,139,2076
160,139,1491
126,140,1562
131,140,1248
132,140,1825
134,140,1143
135,140,1670
136,140,1442
137,140,1266
139,140,1959
141,140,1807
142,140,1215
143,140,1237
144,140,1619
145,140,1451
146,140,1408
147,140,1297
152,140,1320
153,140,1771
126,141,2276
131,141,1192
132,141,2366
134,141,1273
135,141,1707
136,141,1356
137,141,1328
139,141,2569
140,141,1807
142,141,1262
143,141,1185
144,141,2305
145,141,1967
146,141,1973
147,141,1271
148,141,1576
149,141,1147
150,141,1730
151,141,1425
152,141,1639
153,141,1796
159,141,1558
160,141,1612
126,142,1183
132,142,1265
135,142,1394
139,142,1630
140,142,1215
141,142,1262
144,142,1339
153,142,1469
135,143,1487
139,143,1424
140,143,1237
141,143,1185
144,143,1220
153,143,1326
125,144,1587
126,144,2657
127,144,2369
130,144,2015
131,144,2230
132,144,2615
133,144,1363
134,144,2197
135,144,2630
136,144,2162
137,144,2015
139,144,2756
140,144,1619
141,144,2305
142,144,1339
143,144,1220
145,144,1685
146,144,2718
147,144,1271
148,144,1445
149,144,1408
150,144,1542
151,144,2005
152,144,1625
153,144,2561
154,144,1785
155,144,2028
156,144,1810
157,144,1335
158,144,1521
159,144,1943
160,144,2639
161,144,1495
162,144,1786
164,144,1493
173,144,1357
126,145,1814
132,145,1989
135,145,1338
139,145,1794
140,145,1451
141,145,1967
144,145,1685
146,145,1755
147,145,1414
148,145,1589
150,145,1450
151,145,1189
152,145,1445
153,145,1525
159,145,1419
160,145,1278
126,146,1559
132,146,1831
139,146,2308
140,146,1408
141,146,1973
144,146,2718
145,146,1755
147,146,1383
148,146,1814
150,146,1659
151,146,1991
152,146,1822
153,146,1456
154,146,1155
155,146,1667
156,146,1321
157,146,1408
159,146,2138
160,146,2293
132,147,1316
139,147,1571
140,147,1297
141,147,1271
144,147,1271
145,147,1414
146,147,1383
148,147,1369
152,147,1203
153,147,1259
126,148,1407
132,148,1557
139,148,1700
141,148,1576
144,148,1445
145,148,1589
146,148,1814
147,148,1369
150,148,1370
152,148,1441
153,148,1215
159,148,1439
160,148,1169
126,149,1140
132,149,1311
135,149,1187
139,149,1395
141,149,1147
144,149,1408
153,149,1203
126,150,1261
132,150,1573
139,150,1491
141,150,1730
144,150,1542
145,150,1450
146,150,1659
148,150,1370
151,150,1338
152,150,1335
159,150,1221
160,150,1484
126,151,1263
139,151,1348
141,151,1425
144,151,2005
145,151,1189
146,151,1991
150,151,1338
154,151,1407
155,151,1872
156,151,1474
157,151,1469
158,151,1639
159,151,1541
160,151,2547
164,151,1332
126,152,1518
132,152,1581
139,152,1777
140,152,1320
141,152,1639
144,152,1625
145,152,1445
146,152,1822
147,152,1203
148,152,1441
150,152,1335
153,152,1327
159,152,1379
160,152,1217
117,153,1883
121,153,1905
122,153,1273
123,153,2014
125,153,3005
126,153,3334
127,153,3308
129,153,1358
130,153,3369
131,153,3275
132,153,3131
133,153,2327
134,153,2341
135,153,3974
136,153,2969
137,153,2255
138,153,1835
139,153,2299
140,153,1771
141,153,1796
142,153,1469
143,153,1326
144,153,2561
145,153,1525
146,153,1456
147,153,1259
148,153,1215
149,153,1203
152,153,1327
144,154,1785
146,154,1155
151,154,1407
155,154,1798
156,154,1712
158,154,1437
160,154,1998
161,154,1460
162,154,1580
163,154,1332
164,154,1391
171,154,1170
173,154,1424
144,155,2028
146,155,1667
151,155,1872
154,155,1798
156,155,2112
157,155,1189
158,155,1920
160,155,2682
161,155,1504
162,155,1882
163,155,1239
164,155,1780
173,155,1289
144,156,1810
146,156,1321
151,156,1474
154,156,1712
155,156,2112
158,156,1645
160,156,2477
161,156,1638
162,156,2055
163,156,1272
164,156,1622
171,156,1291
173,156,1391
144,157,1335
146,157,1408
151,157,1469
155,157,1189
159,157,1275
144,158,1521
151,158,1639
154,158,1437
155,158,1920
156,158,1645
160,158,2049
161,158,1360
162,158,1821
164,158,1400
126,159,1265
132,159,1435
139,159,2076
141,159,1558
144,159,1943
145,159,1419
146,159,2138
148,159,1439
150,159,1221
151,159,1541
152,159,1379
157,159,1275
160,159,1622
126,160,1233
132,160,1345
139,160,1491
141,160,1612
144,160,2639
145,160,1278
146,160,2293
148,160,1169
150,160,1484
151,160,2547
152,160,1217
154,160,1998
155,160,2682
156,160,2477
158,160,2049
159,160,1622
161,160,1730
162,160,2191
163,160,1539
164,160,2128
165,160,1393
171,160,1408
173,160,1608
144,161,1495
154,161,1460
155,161,1504
156,161,1638
158,161,1360
160,161,1730
162,161,1931
163,161,2159
164,161,1164
165,161,2153
166,161,2176
167,161,1230
168,161,1747
169,161,1731
170,161,2072
171,161,1931
172,161,1721
173,161,2422
174,161,1323
178,161,1368
183,161,1800
193,161,1832
144,162,1786
154,162,1580
155,162,1882
156,162,2055
158,162,1821
160,162,2191
161,162,1931
163,162,1594
164,162,1407
167,162,1209
171,162,1460
173,162,1701
154,163,1332
155,163,1239
156,163,1272
160,163,1539
161,163,2159
162,163,1594
165,163,1809
166,163,2120
167,163,1229
168,163,1522
169,163,1440
170,163,1785
171,163,2058
172,163,1325
173,163,1916
174,163,1148
176,163,1358
178,163,1251
183,163,1695
193,163,1869
144,164,1493
151,164,1332
154,164,1391
155,164,1780
156,164,1622
158,164,1400
160,164,2128
161,164,1164
162,164,1407
160,165,1393
161,165,2153
163,165,1809
166,165,2276
167,165,1246
168,165,1886
169,165,1606
170,165,2088
171,165,2150
172,165,1804
173,165,2092
174,165,1288
183,165,1878
193,165,1941
161,166,2176
163,166,2120
165,166,2276
167,166,1189
168,166,1841
169,166,1981
170,166,2042
171,166,2507
172,166,1740
173,166,2213
174,166,1630
175,166,1264
176,166,1688
183,166,1944
193,166,2511
161,167,1230
162,167,1209
163,167,1229
165,167,1246
166,167,1189
168,167,1188
171,167,1164
161,168,1747
163,168,1522
165,168,1886
166,168,1841
167,168,1188
169,168,1488
170,168,1990
171,168,1882
172,168,1480
173,168,1688
174,168,1300
175,168,1624
176,168,2156
179,168,1197
181,168,1158
182,168,1310
183,168,2256
184,168,1196
185,168,1172
186,168,1434
191,168,1709
193,168,2720
197,168,1472
200,168,1494
161,169,1731
163,169,1440
165,169,1606
166,169,1981
168,169,1488
170,169,1570
171,169,1563
172,169,1369
173,169,1329
183,169,1691
193,169,1570
161,170,2072
163,170,1785
165,170,2088
166,170,2042
168,170,1990
169,170,1570
171,170,1948
172,170,1619
173,170,1804
174,170,1469
175,170,1450
176,170,2136
177,170,1366
183,170,2263
186,170,1302
191,170,1662
193,170,2340
200,170,1260
154,171,1170
156,171,1291
160,171,1408
161,171,1931
162,171,1460
163,171,2058
165,171,2150
166,171,2507
167,171,1164
168,171,1882
169,171,1563
170,171,1948
172,171,1594
173,171,2054
174,171,1447
175,171,1333
176,171,1850
177,171,1334
178,171,1192
183,171,2035
191,171,1398
193,171,2411
161,172,1721
163,172,1325
165,172,1804
166,172,1740
168,172,1480
169,172,1369
170,172,1619
171,172,1594
173,172,1437
183,172,1607
193,172,1554
144,173,1357
154,173,1424
155,173,1289
156,173,1391
160,173,1608
161,173,2422
162,173,1701
163,173,1916
165,173,2092
166,173,2213
168,173,1688
169,173,1329
170,173,1804
